#! FIELDS d3 ff5 dff5_d3
#! SET normalisation  1.000000
#! SET min_d3 -1.0
#! SET max_d3 5.0
#! SET nbins_d3  200
#! SET periodic_d3 false
 -1.000000 inf 0.000000
 -0.970000 inf 0.000000
 -0.940000 inf 0.000000
 -0.910000 inf 0.000000
 -0.880000 inf 0.000000
 -0.850000 inf 0.000000
 -0.820000 inf 0.000000
 -0.790000 inf 0.000000
 -0.760000 inf 0.000000
 -0.730000 inf 0.000000
 -0.700000 inf 0.000000
 -0.670000 inf 0.000000
 -0.640000 inf 0.000000
 -0.610000 inf 0.000000
 -0.580000 inf 0.000000
 -0.550000 inf 0.000000
 -0.520000 inf 0.000000
 -0.490000 inf 0.000000
 -0.460000 inf 0.000000
 -0.430000 inf 0.000000
 -0.400000 inf 0.000000
 -0.370000 inf 0.000000
 -0.340000 inf 0.000000
 -0.310000 inf 0.000000
 -0.280000 inf 0.000000
 -0.250000 inf 0.000000
 -0.220000 inf 0.000000
 -0.190000 inf 0.000000
 -0.160000 inf 0.000000
 -0.130000 inf 0.000000
 -0.100000 inf 0.000000
 -0.070000 inf 0.000000
 -0.040000 inf 0.000000
 -0.010000 inf 0.000000
 0.020000 inf 0.000000
 0.050000 inf 0.000000
 0.080000 inf 0.000000
 0.110000 inf 0.000000
 0.140000 inf 0.000000
 0.170000 inf 0.000000
 0.200000 inf 0.000000
 0.230000 inf 0.000000
 0.260000 61.437089 -633.214681
 0.290000 45.198849 -448.961424
 0.320000 34.317604 -288.360233
 0.350000 24.132219 -442.752073
 0.380000 12.043000 -326.487692
 0.410000 4.947931 -148.363208
 0.440000 2.321750 -64.078344
 0.470000 0.000000 -54.633540
 0.500000 0.423953 83.809668
 0.530000 4.765779 201.898278
 0.560000 12.184968 267.355757
 0.590000 14.558600 -74.299961
 0.620000 14.115071 58.380899
 0.650000 16.485376 -17.184562
 0.680000 11.172022 -188.964522
 0.710000 7.559755 -57.025363
 0.740000 7.150889 22.011938
 0.770000 8.652857 65.341538
 0.800000 9.112635 -29.828212
 0.830000 8.970793 27.762504
 0.860000 9.971935 21.163581
 0.890000 9.638438 -46.491748
 0.920000 7.959695 -52.147441
 0.950000 6.681466 -29.436485
 0.980000 6.516815 18.487346
 1.010000 7.576805 45.280782
 1.040000 8.180726 -13.116771
 1.070000 7.863332 0.527172
 1.100000 7.664263 -17.199152
 1.130000 7.209727 -10.478068
 1.160000 6.851623 -33.236147
 1.190000 4.459072 -85.579966
 1.220000 3.851977 55.980742
 1.250000 7.389271 140.926472
 1.280000 9.763794 52.018055
 1.310000 10.781253 -30.813866
 1.340000 9.174204 -29.158589
 1.370000 9.822399 54.310524
 1.400000 10.603715 6.905785
 1.430000 11.160179 11.496608
 1.460000 11.072134 -0.095563
 1.490000 11.306615 9.009930
 1.520000 11.240913 -4.735828
 1.550000 12.233419 77.630625
 1.580000 13.829583 -18.441268
 1.610000 13.316483 27.059828
 1.640000 15.934560 131.458720
 1.670000 18.822980 24.201609
 1.700000 18.283771 -36.174799
 1.730000 16.447969 -71.923785
 1.760000 15.654261 25.845366
 1.790000 17.003605 21.753298
 1.820000 15.078726 -103.731133
 1.850000 13.340874 -1.283790
 1.880000 14.315897 22.551779
 1.910000 13.683572 -26.512257
 1.940000 13.173759 -17.541433
 1.970000 12.891190 0.854624
 2.000000 13.154384 27.511196
 2.030000 14.810780 69.142557
 2.060000 15.835651 -23.487482
 2.090000 13.713571 -88.138127
 2.120000 12.354355 6.031695
 2.150000 13.220445 35.834422
 2.180000 14.328635 25.780866
 2.210000 14.485051 -6.803530
 2.240000 13.283309 -75.443239
 2.270000 11.510442 -18.473239
 2.300000 12.813747 105.150535
 2.330000 17.011499 147.184741
 2.360000 21.037054 131.465109
 2.390000 22.796253 -57.925507
 2.420000 21.134439 -8.489876
 2.450000 23.003260 133.136970
 2.480000 27.921467 128.116406
 2.510000 28.803546 -16.474101
 2.540000 28.126433 -22.234164
 2.570000 27.657940 -35.200466
 2.600000 24.010164 -144.916567
 2.630000 21.880587 7.773943
 2.660000 22.849135 -0.716288
 2.690000 22.664974 36.729460
 2.720000 25.567229 121.960524
 2.750000 24.911502 -108.918362
 2.780000 23.381496 14.857720
 2.810000 24.536247 9.213044
 2.840000 23.491345 -26.607471
 2.870000 24.204782 55.810454
 2.900000 24.927625 7.846765
 2.930000 26.087149 55.191303
 2.960000 27.598427 55.495801
 2.990000 26.513765 -143.196102
 3.020000 23.565499 -31.786872
 3.050000 23.582243 4.954448
 3.080000 24.665971 95.787113
 3.110000 29.530093 195.522346
 3.140000 31.637486 -38.875455
 3.170000 30.927598 2.328182
 3.200000 31.443085 28.374650
 3.230000 31.923319 -19.129388
 3.260000 31.008760 -21.962548
 3.290000 30.479681 -22.673932
 3.320000 29.533872 -17.871023
 3.350000 30.152024 31.211598
 3.380000 29.476413 -75.720395
 3.410000 26.099478 -100.201359
 3.440000 25.320542 52.571219
 3.470000 28.121741 69.555181
 3.500000 28.114302 -1.778901
 3.530000 29.641748 89.963471
 3.560000 31.350237 16.538509
 3.590000 31.161891 -58.826595
 3.620000 28.930478 -39.044657
 3.650000 29.152566 8.004043
 3.680000 27.225190 -86.425378
 3.710000 26.275421 33.727412
 3.740000 26.983919 -97.239457
 3.770000 23.625938 -51.867379
 3.800000 24.257305 60.996643
 3.830000 23.509022 -83.685176
 3.860000 22.735789 49.667576
 3.890000 26.405833 169.513786
 3.920000 28.495659 -23.600126
 3.950000 28.673001 20.433441
 3.980000 27.558188 -76.249889
 4.010000 26.025951 -17.250392
 4.040000 26.049548 19.342855
 4.070000 27.850528 91.770078
 4.100000 30.206732 76.828051
 4.130000 31.630099 -101.132422
 4.160000 27.355237 -97.288087
 4.190000 25.173732 -92.685759
 4.220000 22.766254 -24.393918
 4.250000 24.665375 153.232571
 4.280000 31.771640 301.092516
 4.310000 36.683711 24.923483
 4.340000 39.218962 130.135693
 4.370000 34.008597 -301.078422
 4.400000 27.699086 -117.194390
 4.430000 26.989219 69.872254
 4.460000 31.891150 256.898884
 4.490000 42.385417 441.060447
 4.520000 56.447766 -27.118744
 4.550000 55.584080 34.074905
 4.580000 59.333927 213.547494
 4.610000 66.252661 155.402964
 4.640000 70.489831 196.476571
 4.670000 79.184475 383.216673
 4.700000 inf 0.000000
 4.730000 inf 0.000000
 4.760000 inf 0.000000
 4.790000 inf 0.000000
 4.820000 inf 0.000000
 4.850000 inf 0.000000
 4.880000 inf 0.000000
 4.910000 inf 0.000000
 4.940000 inf 0.000000
 4.970000 inf 0.000000
 5.000000 inf 0.000000
