#! FIELDS time sf1 sf2 chi1_161 chi2_161 chi1_166 chi2_166 d1 d2 d4 d3 
 0.000000 1.950542 1.782008 -1.324893 -1.695962 -1.116355 1.813795 0.558176 0.759715 0.558176 0.620426
 0.000000 2.140840 1.798851 -1.303745 -1.703031 -1.101781 1.659877 0.586766 0.797488 0.586766 0.646071
 0.000000 2.142946 1.810544 -1.317809 -1.745173 -1.121610 1.733795 0.635179 0.828905 0.635179 0.634032
 0.000000 1.912591 1.763276 -1.328352 -1.749151 -1.060262 1.706628 0.489707 0.383286 0.383286 0.600218
 0.000000 1.457370 1.634634 -1.252122 -1.692789 -1.143544 1.755395 0.449595 0.351770 0.351770 0.613404
 0.000000 1.988043 1.794148 -1.223696 -1.610456 -1.150346 1.805063 0.669966 0.868842 0.669966 0.752612
 0.000000 1.950338 1.632630 -1.258221 -1.620473 -1.121377 1.819417 0.616903 0.820419 0.616903 0.594872
 0.000000 1.995368 1.775472 -1.285112 -1.684431 -1.156371 1.770337 0.549202 0.461916 0.461916 0.643542
 0.000000 1.276985 1.430936 -1.281536 -1.713946 -1.070905 1.816910 0.559562 0.737690 0.559562 0.621020
 0.000000 1.959712 1.789529 -1.288697 -1.775813 -1.108196 1.796568 0.661604 0.858043 0.661604 0.639922
 0.000000 1.345291 1.591613 -1.237425 -1.708961 -1.158708 1.693626 0.530670 0.440649 0.440649 0.616732
 0.000000 1.978395 1.798684 -1.280387 -1.648009 -1.058856 1.782195 0.459966 0.357781 0.357781 0.578752
 0.000000 1.249587 1.428591 -1.240955 -1.667424 -1.085372 1.700628 0.546655 0.466006 0.466006 0.640718
 0.000000 2.132100 1.816429 -1.303625 -1.714346 -1.135989 1.775011 0.535002 0.452672 0.452672 0.583183
 0.000000 2.009544 1.777410 -1.264905 -1.657073 -1.098854 1.768253 0.599848 0.795156 0.599848 0.641563
 0.000000 2.070389 1.778860 -1.277323 -1.686458 -1.144441 1.726911 0.640476 0.570117 0.570117 0.662106
 0.000000 2.015050 1.797411 -1.270601 -1.681621 -1.098898 1.679967 0.554413 0.461189 0.461189 0.642218
 0.000000 2.101670 1.816781 -1.261501 -1.608343 -1.179123 1.745227 0.659987 0.809102 0.659987 0.612927
 0.000000 0.865306 1.323159 -1.140929 -1.577009 -1.488866 1.407174 0.813466 1.008499 0.813466 1.059373
 0.000000 1.020823 1.448950 -1.021713 -1.566846 -2.334120 1.313875 1.225653 1.412357 1.225653 1.212726
 0.000000 0.662800 1.262231 -1.070044 -1.527868 -1.548675 0.980183 1.006306 1.085634 1.006306 1.191117
 0.000000 0.060001 1.096556 -1.051480 -1.563271 -2.279960 0.514180 1.383439 1.448417 1.383439 1.299589
 0.000000 0.971971 1.491532 -1.143750 -1.569260 -1.521488 1.480675 0.922843 0.929905 0.922843 1.048772
 0.000000 1.632228 1.668959 -1.084287 -1.558832 -1.497756 1.068989 0.942442 0.960066 0.942442 1.034811
 0.000000 1.316010 1.583454 -1.152428 -1.547931 -1.851920 0.855694 0.612310 0.600779 0.600779 0.946663
 0.000000 1.000120 1.363522 -1.069155 -1.570675 -1.345979 1.520845 1.050300 1.219392 1.050300 1.174117
 0.000000 2.135843 1.810638 -1.261422 -1.691364 -1.127976 1.734887 0.588155 0.794991 0.588155 0.617531
 0.000000 1.493340 1.630211 -1.061386 -1.503090 -1.682544 0.966304 1.344139 1.531564 1.344139 1.253280
 0.000000 0.376866 1.179862 -1.043810 -1.443806 -2.280771 -0.433399 0.852204 1.051683 0.852204 1.148323
 0.000000 1.032111 1.518636 -1.039472 -1.512358 -1.355108 0.921929 1.638292 1.709812 1.638292 1.248222
 0.000000 0.124927 1.102124 -1.124716 -1.625622 -2.426356 1.048927 1.120404 1.310073 1.120404 1.200970
 0.000000 1.279445 1.459020 -1.050360 -1.578961 -1.570188 1.475880 1.019178 1.208511 1.019178 0.970919
